CLAS physics database search results
Measurement E32M1
g10 CLAS experiment
Wei Chen
0

Egamma	theta	dsigma/dOmega	Data errors	Systematic errors
MeV	deg	mcb/srad	mcb/srad	mcb/srad
1050	37.5	4.399	0.50557	0.06715
1050	42.5	4.38286	0.50127	0.0449
1050	47.5	3.92712	0.4475	0.02407
1050	52.5	3.35671	0.3824	0.01902
1050	57.5	2.74496	0.31268	0.01519
1050	62.5	2.10129	0.23937	0.01201
1050	67.5	1.56887	0.17873	0.00905
1050	72.5	1.14455	0.13039	0.00675
1050	77.5	0.88963	0.10136	0.00546
1050	82.5	0.72813	0.08297	0.00485
1050	87.5	0.64199	0.07319	0.00468
1050	92.5	0.64528	0.07353	0.00428
1050	97.5	0.70415	0.08025	0.00475
1050	102.5	0.8597	0.09798	0.00558
1050	107.5	0.87589	0.09979	0.00542
1050	112.5	0.79348	0.09042	0.00506
1050	117.5	0.86911	0.09905	0.00568
1050	122.5	0.96373	0.10982	0.00633
1050	127.5	1.04554	0.11918	0.00769
1050	132.5	1.02087	0.11674	0.01239
1050	137.5	1.03146	0.11795	0.0116
1050	142.5	1.17218	0.13376	0.01028
1050	147.5	1.78567	0.20394	0.01783
1050	152.5	2.48237	0.28628	0.04683
1100	37.5	4.14182	0.47542	0.06017
1100	42.5	4.24223	0.48493	0.04288
1100	47.5	3.79917	0.43278	0.02284
1100	52.5	3.14884	0.3586	0.01755
1100	57.5	2.544	0.2897	0.01388
1100	62.5	1.96453	0.22373	0.01109
1100	67.5	1.44192	0.16421	0.0082
1100	72.5	1.07552	0.12249	0.00629
1100	77.5	0.82041	0.09344	0.00496
1100	82.5	0.67977	0.07743	0.00442
1100	87.5	0.58158	0.06628	0.00418
1100	92.5	0.5597	0.06376	0.0037
1100	97.5	0.59311	0.06758	0.004
1100	102.5	0.66949	0.07627	0.00429
1100	107.5	0.6761	0.07701	0.00417
1100	112.5	0.57138	0.06509	0.00368
1100	117.5	0.60113	0.06849	0.00402
1100	122.5	0.67507	0.07691	0.00453
1100	127.5	0.73833	0.08414	0.00541
1100	132.5	0.7772	0.08881	0.00897
1100	137.5	0.75167	0.086	0.00908
1100	142.5	0.88902	0.10143	0.00791
1100	147.5	1.35928	0.15518	0.01333
1100	152.5	1.95109	0.22448	0.03379
1150	37.5	3.94755	0.45349	0.06019
1150	42.5	3.8182	0.43666	0.04079
1150	47.5	3.4835	0.39691	0.02234
1150	52.5	2.91414	0.33195	0.01735
1150	57.5	2.31234	0.26338	0.0135
1150	62.5	1.73767	0.19793	0.01047
1150	67.5	1.29643	0.14768	0.00791
1150	72.5	0.98408	0.1121	0.00616
1150	77.5	0.76095	0.08669	0.00493
1150	82.5	0.61425	0.06999	0.00427
1150	87.5	0.53644	0.06115	0.00415
1150	92.5	0.50375	0.05741	0.00367
1150	97.5	0.48481	0.05526	0.00356
1150	102.5	0.51286	0.05845	0.0036
1150	107.5	0.47667	0.05431	0.00324
1150	112.5	0.39866	0.04543	0.00287
1150	117.5	0.38172	0.04352	0.0029
1150	122.5	0.44178	0.05036	0.00338
1150	127.5	0.5098	0.05812	0.0041
1150	132.5	0.57249	0.06545	0.00687
1150	137.5	0.6025	0.06909	0.00862
1150	142.5	0.70083	0.08001	0.00691
1150	147.5	1.0567	0.12071	0.01112
1150	152.5	1.5545	0.17895	0.02753
1150	157.5	1.45312	0.34999	0.30851
1200	37.5	3.46178	0.39761	0.05107
1200	42.5	3.45446	0.39522	0.0371
1200	47.5	3.12278	0.35592	0.01991
1200	52.5	2.63462	0.30021	0.0157
1200	57.5	2.08067	0.23707	0.01217
1200	62.5	1.63426	0.18622	0.00991
1200	67.5	1.19244	0.13588	0.0073
1200	72.5	0.89863	0.1024	0.00566
1200	77.5	0.69561	0.07928	0.00456
1200	82.5	0.57183	0.06518	0.00399
1200	87.5	0.49444	0.05638	0.00388
1200	92.5	0.44565	0.05081	0.00334
1200	97.5	0.40589	0.04629	0.00307
1200	102.5	0.38996	0.04446	0.0028
1200	107.5	0.35953	0.04098	0.00255
1200	112.5	0.28559	0.03256	0.00217
1200	117.5	0.25458	0.02904	0.0021
1200	122.5	0.29909	0.03412	0.00247
1200	127.5	0.36612	0.04176	0.00306
1200	132.5	0.45248	0.05173	0.00526
1200	137.5	0.53832	0.06187	0.00856
1200	142.5	0.60274	0.06886	0.00617
1200	147.5	0.90132	0.10299	0.00947
1200	152.5	1.31736	0.15152	0.02213
1200	157.5	1.09887	0.19938	0.15531
1250	37.5	3.24713	0.37367	0.0513
1250	42.5	3.0157	0.3455	0.03469
1250	47.5	2.72815	0.31123	0.01881
1250	52.5	2.29408	0.26163	0.01465
1250	57.5	1.84632	0.21054	0.01155
1250	62.5	1.46342	0.16689	0.00951
1250	67.5	1.103	0.1258	0.00729
1250	72.5	0.81472	0.09292	0.0055
1250	77.5	0.64109	0.07313	0.00451
1250	82.5	0.52652	0.06007	0.00391
1250	87.5	0.4598	0.05248	0.00383
1250	92.5	0.40911	0.0467	0.00336
1250	97.5	0.35816	0.04088	0.00293
1250	102.5	0.31807	0.03629	0.00247
1250	107.5	0.28509	0.03253	0.00221
1250	112.5	0.21903	0.025	0.00185
1250	117.5	0.18014	0.02058	0.00168
1250	122.5	0.22512	0.02571	0.00209
1250	127.5	0.29584	0.03378	0.0027
1250	132.5	0.39223	0.04488	0.0047
1250	137.5	0.47509	0.05479	0.00855
1250	142.5	0.55867	0.0639	0.00618
1250	147.5	0.81874	0.09366	0.00909
1250	152.5	1.15982	0.13355	0.01995
1250	157.5	1.18105	0.18535	0.12754
1300	37.5	2.90132	0.33411	0.04495
1300	42.5	2.71512	0.31139	0.03123
1300	47.5	2.4108	0.27526	0.01646
1300	52.5	1.96494	0.22429	0.01246
1300	57.5	1.57594	0.17987	0.00979
1300	62.5	1.28308	0.14645	0.00827
1300	67.5	1.01393	0.11574	0.00666
1300	72.5	0.77917	0.08894	0.00524
1300	77.5	0.6072	0.06932	0.00425
1300	82.5	0.51321	0.0586	0.00374
1300	87.5	0.44648	0.051	0.00365
1300	92.5	0.39409	0.04502	0.00326
1300	97.5	0.33348	0.03809	0.00268
1300	102.5	0.29898	0.03414	0.0023
1300	107.5	0.25959	0.02964	0.002
1300	112.5	0.19344	0.0221	0.00164
1300	117.5	0.15849	0.01812	0.00149
1300	122.5	0.19675	0.02249	0.00185
1300	127.5	0.27259	0.03115	0.00247
1300	132.5	0.35924	0.04112	0.00409
1300	137.5	0.43054	0.04975	0.0081
1300	142.5	0.53673	0.06146	0.00605
1300	147.5	0.7644	0.08751	0.00839
1300	152.5	1.1063	0.12738	0.01824
1300	157.5	0.98281	0.13945	0.0831
1350	37.5	2.6593	0.30691	0.04301
1350	42.5	2.56235	0.2945	0.03154
1350	47.5	2.17928	0.24918	0.01579
1350	52.5	1.7442	0.19936	0.01178
1350	57.5	1.35334	0.15467	0.00896
1350	62.5	1.13109	0.12928	0.00782
1350	67.5	0.89475	0.10227	0.00627
1350	72.5	0.71464	0.08169	0.00512
1350	77.5	0.58633	0.06703	0.00434
1350	82.5	0.50797	0.05808	0.00392
1350	87.5	0.44805	0.05124	0.00384
1350	92.5	0.39352	0.04503	0.00348
1350	97.5	0.33173	0.03794	0.00279
1350	102.5	0.29273	0.03348	0.00236
1350	107.5	0.2537	0.02901	0.00205
1350	112.5	0.19636	0.02246	0.00172
1350	117.5	0.15915	0.01822	0.00156
1350	122.5	0.20414	0.02337	0.002
1350	127.5	0.27386	0.03135	0.00261
1350	132.5	0.37277	0.04272	0.00432
1350	137.5	0.3983	0.04619	0.00815
1350	142.5	0.51967	0.05961	0.00623
1350	147.5	0.70436	0.08078	0.00818
1350	152.5	1.04894	0.12096	0.0176
1350	157.5	0.95699	0.12983	0.07028
1400	37.5	2.2127	0.25582	0.03585
1400	42.5	2.05309	0.23564	0.0201
1400	47.5	1.85187	0.21205	0.01346
1400	52.5	1.53454	0.17565	0.0104
1400	57.5	1.18452	0.13556	0.00787
1400	62.5	0.97836	0.11198	0.0068
1400	67.5	0.80978	0.09269	0.00566
1400	72.5	0.68727	0.07867	0.00492
1400	77.5	0.58752	0.06725	0.00435
1400	82.5	0.51392	0.05884	0.00393
1400	87.5	0.4608	0.05277	0.00391
1400	92.5	0.4008	0.04593	0.00355
1400	97.5	0.33829	0.03874	0.00276
1400	102.5	0.30368	0.03477	0.00239
1400	107.5	0.26349	0.03017	0.00208
1400	112.5	0.21451	0.02456	0.0018
1400	117.5	0.17599	0.02017	0.00165
1400	122.5	0.21982	0.0252	0.0021
1400	127.5	0.28364	0.0325	0.00265
1400	132.5	0.36856	0.04228	0.00411
1400	137.5	0.35915	0.04172	0.00743
1400	142.5	0.49661	0.05706	0.00612
1400	147.5	0.65687	0.07544	0.00768
1400	152.5	0.95619	0.11034	0.01553
1400	157.5	0.9193	0.11851	0.0549
1450	37.5	1.9381	0.22477	0.03309
1450	42.5	1.68295	0.19357	0.01718
1450	47.5	1.55778	0.17871	0.01187
1450	52.5	1.3036	0.14949	0.00927
1450	57.5	1.00938	0.11573	0.00701
1450	62.5	0.88747	0.10177	0.00644
1450	67.5	0.73532	0.08431	0.00538
1450	72.5	0.64571	0.07404	0.0048
1450	77.5	0.5799	0.0665	0.00446
1450	82.5	0.52588	0.06032	0.00418
1450	87.5	0.47416	0.0544	0.00417
1450	92.5	0.41618	0.04778	0.00383
1450	97.5	0.34464	0.03953	0.00287
1450	102.5	0.30814	0.03534	0.00249
1450	107.5	0.27699	0.03177	0.00224
1450	112.5	0.23267	0.02669	0.00197
1450	117.5	0.19287	0.02214	0.00184
1450	122.5	0.22737	0.02611	0.00223
1450	127.5	0.28149	0.03232	0.00275
1450	132.5	0.36567	0.04202	0.00409
1450	137.5	0.33559	0.03908	0.00721
1450	142.5	0.4537	0.05226	0.00607
1450	147.5	0.55859	0.0643	0.00687
1450	152.5	0.82209	0.09505	0.01359
1450	157.5	0.72364	0.09192	0.03996
1500	37.5	1.74936	0.20388	0.03321
1500	42.5	1.51432	0.17469	0.01711
1500	47.5	1.33298	0.1533	0.01134
1500	52.5	1.12969	0.12985	0.00895
1500	57.5	0.91009	0.10459	0.00705
1500	62.5	0.79924	0.09187	0.00646
1500	67.5	0.67833	0.07796	0.00549
1500	72.5	0.60369	0.06939	0.00495
1500	77.5	0.56402	0.06483	0.00476
1500	82.5	0.5229	0.06012	0.00456
1500	87.5	0.47677	0.05483	0.00458
1500	92.5	0.41436	0.0477	0.00416
1500	97.5	0.34575	0.03975	0.00311
1500	102.5	0.30173	0.03469	0.00266
1500	107.5	0.27433	0.03154	0.0024
1500	112.5	0.24033	0.02763	0.00217
1500	117.5	0.20301	0.02336	0.00205
1500	122.5	0.23974	0.0276	0.00253
1500	127.5	0.28401	0.03269	0.003
1500	132.5	0.35505	0.04091	0.00433
1500	137.5	0.30665	0.03584	0.00702
1500	142.5	0.3999	0.04625	0.00607
1500	147.5	0.48621	0.05616	0.00676
1500	152.5	0.70307	0.08158	0.01256
1500	157.5	0.70144	0.08854	0.03709
1550	37.5	1.47556	0.17226	0.02696
1550	42.5	1.2405	0.14339	0.01354
1550	47.5	1.10576	0.12742	0.00909
1550	52.5	0.91615	0.10552	0.00699
1550	57.5	0.78104	0.08994	0.00585
1550	62.5	0.71108	0.0819	0.00555
1550	67.5	0.62818	0.07234	0.00488
1550	72.5	0.55931	0.06441	0.00441
1550	77.5	0.5281	0.06082	0.00426
1550	82.5	0.49166	0.05663	0.00411
1550	87.5	0.46915	0.05405	0.0043
1550	92.5	0.39014	0.04498	0.00371
1550	97.5	0.32409	0.03733	0.00275
1550	102.5	0.28437	0.03276	0.00241
1550	107.5	0.26399	0.03041	0.00221
1550	112.5	0.23744	0.02735	0.00204
1550	117.5	0.19379	0.02233	0.00187
1550	122.5	0.21977	0.02534	0.00222
1550	127.5	0.26349	0.03038	0.0027
1550	132.5	0.31827	0.03673	0.00365
1550	137.5	0.28432	0.03319	0.00604
1550	142.5	0.35059	0.04065	0.00544
1550	147.5	0.39839	0.0461	0.00543
1550	152.5	0.59494	0.06911	0.01015
1550	157.5	0.68735	0.08585	0.03373
1600	37.5	1.25393	0.14717	0.02503
1600	42.5	1.06114	0.12305	0.01241
1600	47.5	0.91258	0.10545	0.00806
1600	52.5	0.77549	0.08956	0.00637
1600	57.5	0.66857	0.07719	0.00538
1600	62.5	0.61539	0.07107	0.00513
1600	67.5	0.57546	0.06644	0.00481
1600	72.5	0.51705	0.0597	0.00434
1600	77.5	0.48039	0.05548	0.00414
1600	82.5	0.45188	0.05219	0.00404
1600	87.5	0.44214	0.05108	0.00432
1600	92.5	0.37578	0.04345	0.0038
1600	97.5	0.29948	0.03459	0.00272
1600	102.5	0.26548	0.03066	0.00241
1600	107.5	0.2441	0.02819	0.00218
1600	112.5	0.22622	0.02612	0.00206
1600	117.5	0.18332	0.02118	0.00187
1600	122.5	0.19763	0.02285	0.00216
1600	127.5	0.23183	0.02681	0.00259
1600	132.5	0.27308	0.03161	0.00334
1600	137.5	0.25156	0.02943	0.00539
1600	142.5	0.288	0.03357	0.00515
1600	147.5	0.32107	0.03729	0.00483
1600	152.5	0.48801	0.0569	0.00887
1600	157.5	0.58612	0.07361	0.0295
1650	37.5	1.08937	0.1283	0.02191
1650	42.5	0.89616	0.10423	0.01067
1650	47.5	0.77788	0.09014	0.00701
1650	52.5	0.66165	0.07662	0.00555
1650	57.5	0.58866	0.06815	0.00481
1650	62.5	0.53867	0.06237	0.00456
1650	67.5	0.5298	0.06133	0.00444
1650	72.5	0.47915	0.05547	0.00406
1650	77.5	0.44139	0.05111	0.00382
1650	82.5	0.41248	0.04776	0.00374
1650	87.5	0.40864	0.04734	0.00404
1650	92.5	0.35527	0.04117	0.00356
1650	97.5	0.28175	0.03262	0.00257
1650	102.5	0.24119	0.02793	0.0022
1650	107.5	0.22565	0.02613	0.00203
1650	112.5	0.21312	0.02467	0.00196
1650	117.5	0.17047	0.01975	0.00174
1650	122.5	0.17659	0.02048	0.00195
1650	127.5	0.20108	0.02332	0.00231
1650	132.5	0.22914	0.02659	0.00285
1650	137.5	0.22653	0.02654	0.00475
1650	142.5	0.24773	0.02901	0.00481
1650	147.5	0.26105	0.03042	0.00407
1650	152.5	0.409	0.04782	0.00754
1650	157.5	0.5594	0.06984	0.02664
1700	37.5	0.96674	0.11463	0.02154
1700	42.5	0.74984	0.08756	0.00967
1700	47.5	0.65266	0.07589	0.00647
1700	52.5	0.56287	0.0654	0.00519
1700	57.5	0.50247	0.05836	0.00448
1700	62.5	0.48468	0.05631	0.00449
1700	67.5	0.48013	0.05576	0.0044
1700	72.5	0.44712	0.05194	0.00413
1700	77.5	0.41718	0.04846	0.00392
1700	82.5	0.38532	0.04477	0.0038
1700	87.5	0.37375	0.04345	0.00401
1700	92.5	0.31915	0.0371	0.00343
1700	97.5	0.26065	0.03028	0.0026
1700	102.5	0.22864	0.02656	0.00226
1700	107.5	0.20635	0.02397	0.00203
1700	112.5	0.19337	0.02246	0.00193
1700	117.5	0.15728	0.01828	0.00174
1700	122.5	0.15319	0.01783	0.00186
1700	127.5	0.17422	0.02028	0.00224
1700	132.5	0.19144	0.0223	0.00262
1700	137.5	0.19713	0.02319	0.00437
1700	142.5	0.20194	0.02386	0.00471
1700	147.5	0.22293	0.02611	0.0039
1700	152.5	0.33624	0.03951	0.00678
1700	157.5	0.42316	0.05314	0.02062
1750	37.5	0.84698	0.10061	0.01777
1750	42.5	0.66166	0.07747	0.00813
1750	47.5	0.54805	0.06389	0.00513
1750	52.5	0.47711	0.05558	0.00414
1750	57.5	0.43234	0.05035	0.00363
1750	62.5	0.4354	0.05071	0.00377
1750	67.5	0.44637	0.05197	0.00383
1750	72.5	0.40572	0.04725	0.00349
1750	77.5	0.38635	0.04499	0.00339
1750	82.5	0.35521	0.04137	0.00328
1750	87.5	0.33469	0.03901	0.00333
1750	92.5	0.29803	0.03472	0.00293
1750	97.5	0.25919	0.03019	0.00242
1750	102.5	0.21815	0.0254	0.00201
1750	107.5	0.19852	0.02312	0.00182
1750	112.5	0.18332	0.02135	0.00171
1750	117.5	0.1453	0.01692	0.00151
1750	122.5	0.13002	0.01517	0.00151
1750	127.5	0.15174	0.01771	0.00186
1750	132.5	0.16183	0.0189	0.00211
1750	137.5	0.17104	0.02011	0.00344
1750	142.5	0.16777	0.0199	0.00403
1750	147.5	0.17611	0.02067	0.00302
1750	152.5	0.30386	0.03574	0.00571
1750	157.5	0.39521	0.04909	0.01747
1800	37.5	0.77231	0.09233	0.01746
1800	42.5	0.59993	0.07054	0.00788
1800	47.5	0.4881	0.05711	0.00493
1800	52.5	0.42515	0.04971	0.00398
1800	57.5	0.40024	0.04678	0.00363
1800	62.5	0.38445	0.04494	0.00359
1800	67.5	0.39601	0.04628	0.00365
1800	72.5	0.36135	0.04224	0.00335
1800	77.5	0.36453	0.04261	0.00344
1800	82.5	0.33853	0.03957	0.00337
1800	87.5	0.2983	0.0349	0.0032
1800	92.5	0.27792	0.03248	0.00283
1800	97.5	0.24738	0.02893	0.00247
1800	102.5	0.2117	0.02474	0.00206
1800	107.5	0.1918	0.02242	0.00186
1800	112.5	0.1793	0.02096	0.00177
1800	117.5	0.14095	0.01648	0.00154
1800	122.5	0.12409	0.01453	0.00154
1800	127.5	0.13491	0.01581	0.00179
1800	132.5	0.14426	0.01691	0.00201
1800	137.5	0.15179	0.01793	0.00319
1800	142.5	0.14394	0.01725	0.004
1800	147.5	0.15417	0.01819	0.00287
1800	152.5	0.2607	0.03081	0.00524
1800	157.5	0.35324	0.04427	0.01639
1850	37.5	0.71837	0.08618	0.0159
1850	42.5	0.51117	0.06031	0.00659
1850	47.5	0.41824	0.0491	0.00419
1850	52.5	0.36402	0.0427	0.00336
1850	57.5	0.34896	0.04092	0.00312
1850	62.5	0.34797	0.04081	0.00322
1850	67.5	0.36038	0.04225	0.00327
1850	72.5	0.33269	0.03901	0.00302
1850	77.5	0.33543	0.03933	0.00311
1850	82.5	0.30422	0.03568	0.00299
1850	87.5	0.27369	0.03213	0.00287
1850	92.5	0.25966	0.03044	0.00252
1850	97.5	0.23754	0.02787	0.00234
1850	102.5	0.20371	0.02388	0.00193
1850	107.5	0.18599	0.02181	0.00177
1850	112.5	0.17064	0.02001	0.00165
1850	117.5	0.13791	0.01617	0.00147
1850	122.5	0.11447	0.01345	0.00141
1850	127.5	0.12137	0.01427	0.00162
1850	132.5	0.13057	0.01536	0.00183
1850	137.5	0.13548	0.01604	0.00279
1850	142.5	0.12065	0.01459	0.00369
1850	147.5	0.13802	0.01634	0.00262
1850	152.5	0.22049	0.02615	0.00444
1850	157.5	0.28633	0.03578	0.01265
1900	37.5	0.63969	0.07786	0.01796
1900	42.5	0.45042	0.05352	0.00723
1900	47.5	0.35191	0.04154	0.00442
1900	52.5	0.30672	0.03617	0.00357
1900	57.5	0.30197	0.03559	0.00339
1900	62.5	0.29696	0.03501	0.00343
1900	67.5	0.3142	0.03702	0.00356
1900	72.5	0.2907	0.03426	0.00327
1900	77.5	0.29295	0.03452	0.00336
1900	82.5	0.26815	0.03161	0.0033
1900	87.5	0.24329	0.02872	0.00314
1900	92.5	0.23951	0.02821	0.00282
1900	97.5	0.2247	0.02651	0.00272
1900	102.5	0.20111	0.02369	0.0023
1900	107.5	0.18153	0.0214	0.0021
1900	112.5	0.16311	0.01922	0.00193
1900	117.5	0.13522	0.01594	0.00174
1900	122.5	0.10455	0.01236	0.00158
1900	127.5	0.11137	0.01318	0.00182
1900	132.5	0.11681	0.01384	0.00201
1900	137.5	0.1211	0.01447	0.00292
1900	142.5	0.10086	0.01254	0.00409
1900	147.5	0.11921	0.01426	0.00284
1900	152.5	0.19267	0.0231	0.00481
1900	157.5	0.29173	0.03762	0.01566
2000	37.5	0.50394	0.06114	0.01047
2000	42.5	0.34749	0.04142	0.00418
2000	47.5	0.25623	0.03039	0.00241
2000	52.5	0.22061	0.02614	0.00193
2000	57.5	0.21731	0.02574	0.00182
2000	62.5	0.23078	0.02734	0.00199
2000	67.5	0.245	0.02901	0.00206
2000	72.5	0.23374	0.02769	0.00196
2000	77.5	0.23033	0.02728	0.00196
2000	82.5	0.20991	0.02487	0.00193
2000	87.5	0.20618	0.02444	0.00192
2000	92.5	0.20284	0.024	0.00166
2000	97.5	0.20259	0.02401	0.0018
2000	102.5	0.1887	0.02234	0.00153
2000	107.5	0.16646	0.01971	0.0014
2000	112.5	0.1521	0.01801	0.00129
2000	117.5	0.12329	0.01459	0.00113
2000	122.5	0.09597	0.01139	0.00105
2000	127.5	0.10321	0.01225	0.00122
2000	132.5	0.10903	0.01294	0.00136
2000	137.5	0.11672	0.01389	0.0019
2000	142.5	0.0853	0.01052	0.00291
2000	147.5	0.09179	0.01097	0.00171
2000	152.5	0.13531	0.01619	0.0026
2000	157.5	0.18965	0.02357	0.00733
2100	37.5	0.43591	0.05353	0.00995
2100	42.5	0.2755	0.03314	0.00366
2100	47.5	0.19262	0.02304	0.00203
2100	52.5	0.15702	0.01877	0.00156
2100	57.5	0.16016	0.01913	0.00152
2100	62.5	0.17131	0.02047	0.00165
2100	67.5	0.17966	0.02145	0.0017
2100	72.5	0.17959	0.02145	0.00168
2100	77.5	0.16918	0.0202	0.00162
2100	82.5	0.15868	0.01896	0.00164
2100	87.5	0.16251	0.01943	0.00164
2100	92.5	0.16865	0.02012	0.00147
2100	97.5	0.16881	0.02017	0.00159
2100	102.5	0.16206	0.01934	0.00141
2100	107.5	0.15319	0.01829	0.00139
2100	112.5	0.13466	0.01608	0.00125
2100	117.5	0.1146	0.01368	0.00111
2100	122.5	0.08645	0.01034	0.00101
2100	127.5	0.09961	0.01192	0.00122
2100	132.5	0.10558	0.01264	0.00138
2100	137.5	0.11151	0.01337	0.0018
2100	142.5	0.07419	0.00928	0.00281
2100	147.5	0.07337	0.00887	0.00157
2100	152.5	0.10471	0.01267	0.00228
2100	157.5	0.13981	0.01764	0.00584
2200	37.5	0.40319	0.05002	0.00954
2200	42.5	0.2391	0.02901	0.00332
2200	47.5	0.15657	0.01889	0.00175
2200	52.5	0.11807	0.01423	0.00128
2200	57.5	0.1171	0.0141	0.00122
2200	62.5	0.12346	0.01487	0.00131
2200	67.5	0.13292	0.01601	0.00137
2200	72.5	0.13168	0.01586	0.00134
2200	77.5	0.12548	0.01511	0.00132
2200	82.5	0.12396	0.01494	0.00139
2200	87.5	0.12454	0.01501	0.00132
2200	92.5	0.13883	0.0167	0.00126
2200	97.5	0.14422	0.01736	0.00141
2200	102.5	0.13468	0.01621	0.00123
2200	107.5	0.13279	0.01599	0.00126
2200	112.5	0.11796	0.0142	0.00113
2200	117.5	0.10663	0.01283	0.00107
2200	122.5	0.08362	0.01008	0.000984077
2200	127.5	0.09338	0.01126	0.00118
2200	132.5	0.10239	0.01236	0.00138
2200	137.5	0.10279	0.01243	0.00162
2200	142.5	0.0656	0.00822	0.0024
2200	147.5	0.05993	0.00734	0.00144
2200	152.5	0.08246	0.01008	0.00195
2200	157.5	0.11873	0.01509	0.00498
2300	37.5	0.36617	0.04607	0.00989
2300	42.5	0.20839	0.02554	0.00326
2300	47.5	0.13079	0.01593	0.00169
2300	52.5	0.09099	0.01106	0.00116
2300	57.5	0.08411	0.01022	0.00104
2300	62.5	0.08971	0.01091	0.00113
2300	67.5	0.09553	0.01162	0.00116
2300	72.5	0.09307	0.01131	0.00113
2300	77.5	0.09036	0.01099	0.00114
2300	82.5	0.09322	0.01135	0.00124
2300	87.5	0.09701	0.0118	0.00118
2300	92.5	0.10756	0.01306	0.00111
2300	97.5	0.12188	0.0148	0.00132
2300	102.5	0.11486	0.01395	0.00121
2300	107.5	0.11096	0.01348	0.00121
2300	112.5	0.10504	0.01276	0.00115
2300	117.5	0.09743	0.01184	0.0011
2300	122.5	0.07904	0.00961	0.00102
2300	127.5	0.08471	0.01032	0.00119
2300	132.5	0.09407	0.01146	0.00142
2300	137.5	0.08858	0.01081	0.00154
2300	142.5	0.05829	0.00737	0.00222
2300	147.5	0.0527	0.00655	0.00154
2300	152.5	0.0676	0.00839	0.00187
2300	157.5	0.09495	0.01232	0.00448
2400	37.5	0.33109	0.04221	0.00987
2400	42.5	0.18826	0.0233	0.00325
2400	47.5	0.11564	0.01421	0.00167
2400	52.5	0.0734	0.00901	0.00107
2400	57.5	0.06344	0.00779	0.000920728
2400	62.5	0.06368	0.00782	0.000966087
2400	67.5	0.06737	0.00827	0.000992408
2400	72.5	0.06648	0.00816	0.000962002
2400	77.5	0.06328	0.00778	0.000972629
2400	82.5	0.0686	0.00843	0.00107
2400	87.5	0.07478	0.00918	0.00104
2400	92.5	0.08528	0.01045	0.00101
2400	97.5	0.09875	0.01209	0.00118
2400	102.5	0.0982	0.01204	0.0012
2400	107.5	0.09475	0.01161	0.00114
2400	112.5	0.09552	0.01171	0.00117
2400	117.5	0.09263	0.01136	0.00116
2400	122.5	0.0744	0.00913	0.00105
2400	127.5	0.07668	0.00943	0.0012
2400	132.5	0.08407	0.01034	0.00141
2400	137.5	0.07635	0.00941	0.00144
2400	142.5	0.05744	0.00731	0.00215
2400	147.5	0.0482	0.00611	0.00166
2400	152.5	0.06207	0.00782	0.00192
2400	157.5	0.08143	0.01075	0.0041
2500	37.5	0.33566	0.04315	0.01016
2500	42.5	0.18136	0.02264	0.0032
2500	47.5	0.10961	0.01358	0.0016
2500	52.5	0.06882	0.00852	0.00104
2500	57.5	0.05564	0.00689	0.000852304
2500	62.5	0.0506	0.00628	0.000839872
2500	67.5	0.05083	0.0063	0.000816144
2500	72.5	0.05022	0.00622	0.000805516
2500	77.5	0.04811	0.00597	0.000817909
2500	82.5	0.05154	0.00639	0.000868858
2500	87.5	0.05568	0.0069	0.000830605
2500	92.5	0.0666	0.00823	0.000861012
2500	97.5	0.07866	0.00971	0.000966348
2500	102.5	0.08648	0.0107	0.00114
2500	107.5	0.08138	0.01005	0.00102
2500	112.5	0.0805	0.00995	0.00104
2500	117.5	0.08407	0.0104	0.0011
2500	122.5	0.07296	0.00902	0.00104
2500	127.5	0.06743	0.00837	0.0011
2500	132.5	0.07436	0.00924	0.0013
2500	137.5	0.06957	0.00865	0.00132
2500	142.5	0.0564	0.00719	0.00198
2500	147.5	0.04418	0.00569	0.00169
2500	152.5	0.05776	0.00735	0.00186
2500	157.5	0.07262	0.00966	0.00368
2600	37.5	0.27478	0.03584	0.00946
2600	42.5	0.16884	0.02127	0.00326
2600	47.5	0.10698	0.01339	0.0017
2600	52.5	0.06809	0.00851	0.00111
2600	57.5	0.04859	0.00608	0.000817674
2600	62.5	0.04359	0.00546	0.000814923
2600	67.5	0.03882	0.00486	0.000727061
2600	72.5	0.03881	0.00486	0.000732618
2600	77.5	0.03602	0.00452	0.000733748
2600	82.5	0.03869	0.00485	0.000751416
2600	87.5	0.04196	0.00525	0.000730931
2600	92.5	0.05166	0.00645	0.000774354
2600	97.5	0.06476	0.00807	0.000894828
2600	102.5	0.07296	0.00912	0.00111
2600	107.5	0.06742	0.00841	0.000948182
2600	112.5	0.06955	0.00868	0.00102
2600	117.5	0.07615	0.00951	0.00112
2600	122.5	0.06955	0.00868	0.00107
2600	127.5	0.0637	0.00798	0.00115
2600	132.5	0.06782	0.00851	0.00129
2600	137.5	0.06056	0.00761	0.00126
2600	142.5	0.05173	0.00666	0.00186
2600	147.5	0.0392	0.0052	0.00185
2600	152.5	0.04753	0.00615	0.00176
2600	157.5	0.05296	0.00727	0.00313
2700	37.5	0.24073	0.03172	0.00876
2700	42.5	0.14846	0.01886	0.00297
2700	47.5	0.0964	0.01216	0.00157
2700	52.5	0.06497	0.00819	0.00107
2700	57.5	0.04659	0.00588	0.000801832
2700	62.5	0.03932	0.00497	0.00076336
2700	67.5	0.03137	0.00397	0.000627549
2700	72.5	0.02953	0.00374	0.000616128
2700	77.5	0.02683	0.0034	0.00061119
2700	82.5	0.02739	0.00347	0.000595788
2700	87.5	0.03106	0.00393	0.000597071
2700	92.5	0.03936	0.00496	0.000653538
2700	97.5	0.04921	0.00619	0.00073654
2700	102.5	0.05611	0.00707	0.000922096
2700	107.5	0.05624	0.00708	0.000839331
2700	112.5	0.05705	0.00719	0.000891776
2700	117.5	0.06429	0.0081	0.000995713
2700	122.5	0.06402	0.00806	0.00102
2700	127.5	0.05474	0.00692	0.00103
2700	132.5	0.05972	0.00755	0.00117
2700	137.5	0.05179	0.00656	0.00112
2700	142.5	0.05066	0.00654	0.00171
2700	147.5	0.0347	0.00471	0.00181
2700	152.5	0.03885	0.00511	0.00158
2700	157.5	0.04037	0.00568	0.00262
2800	37.5	0.20863	0.02794	0.0086
2800	42.5	0.14084	0.01809	0.0032
2800	47.5	0.09993	0.01273	0.00183
2800	52.5	0.06812	0.00867	0.00123
2800	57.5	0.04761	0.00606	0.000902329
2800	62.5	0.0363	0.00464	0.000799151
2800	67.5	0.02919	0.00374	0.000667929
2800	72.5	0.02386	0.00306	0.000600216
2800	77.5	0.02023	0.00261	0.000572438
2800	82.5	0.01965	0.00253	0.000521126
2800	87.5	0.02323	0.00298	0.000539943
2800	92.5	0.02947	0.00376	0.000597116
2800	97.5	0.03956	0.00503	0.000699933
2800	102.5	0.04778	0.00609	0.000921771
2800	107.5	0.04929	0.00626	0.000857251
2800	112.5	0.04972	0.00633	0.000906663
2800	117.5	0.05756	0.00732	0.00102
2800	122.5	0.05961	0.00758	0.00108
2800	127.5	0.04942	0.00631	0.00104
2800	132.5	0.05315	0.0068	0.00118
2800	137.5	0.05148	0.0066	0.00124
2800	142.5	0.04561	0.00597	0.00165
2800	147.5	0.03862	0.00545	0.00242
2800	152.5	0.03457	0.00465	0.00163
2800	157.5	0.03204	0.00468	0.00237
2900	37.5	0.15733	0.02157	0.00765
2900	42.5	0.11302	0.01469	0.00296
2900	47.5	0.08235	0.01061	0.00172
2900	52.5	0.0586	0.00754	0.0012
2900	57.5	0.04067	0.00524	0.000876184
2900	62.5	0.02874	0.00372	0.000741316
2900	67.5	0.02178	0.00283	0.000593618
2900	72.5	0.01802	0.00235	0.000547819
2900	77.5	0.01462	0.00192	0.000509194
2900	82.5	0.01258	0.00165	0.000422241
2900	87.5	0.01502	0.00196	0.000442725
2900	92.5	0.0198	0.00257	0.000504918
2900	97.5	0.02785	0.00359	0.000600811
2900	102.5	0.0338	0.00436	0.00077913
2900	107.5	0.03468	0.00446	0.000734058
2900	112.5	0.03668	0.00473	0.000804256
2900	117.5	0.04368	0.00562	0.000914179
2900	122.5	0.05188	0.00667	0.00107
2900	127.5	0.04116	0.00532	0.000988844
2900	132.5	0.04602	0.00596	0.00115
2900	137.5	0.04094	0.00532	0.00113
2900	142.5	0.03935	0.00521	0.00151
2900	147.5	0.02657	0.00402	0.00219
2900	152.5	0.02462	0.00343	0.00142
2900	157.5	0.02147	0.00342	0.00205
3000	37.5	0.14994	0.02056	0.007
3000	42.5	0.11011	0.01439	0.00271
3000	47.5	0.08453	0.01096	0.00165
3000	52.5	0.05923	0.00767	0.00112
3000	57.5	0.04255	0.00551	0.00083815
3000	62.5	0.02924	0.00381	0.000686049
3000	67.5	0.02059	0.00269	0.000520174
3000	72.5	0.01596	0.0021	0.000464291
3000	77.5	0.01157	0.00153	0.000390859
3000	82.5	0.00918	0.00122	0.000310981
3000	87.5	0.01105	0.00145	0.000331215
3000	92.5	0.0153	0.002	0.000391083
3000	97.5	0.02271	0.00295	0.000486637
3000	102.5	0.02841	0.00369	0.000621437
3000	107.5	0.03052	0.00396	0.000631462
3000	112.5	0.03369	0.00437	0.00070703
3000	117.5	0.04093	0.0053	0.000803501
3000	122.5	0.05051	0.00654	0.000989236
3000	127.5	0.04149	0.00539	0.000913989
3000	132.5	0.04353	0.00567	0.00101
3000	137.5	0.04085	0.00533	0.00104
3000	142.5	0.03727	0.00493	0.00127
3000	147.5	0.02616	0.00394	0.00207
3000	152.5	0.0224	0.00314	0.00127
3000	157.5	0.01899	0.003	0.00176
3100	37.5	0.13462	0.01904	0.0076
3100	42.5	0.11182	0.01529	0.00484
3100	47.5	0.08679	0.0114	0.002
3100	52.5	0.05814	0.00762	0.0013
3100	57.5	0.04285	0.00563	0.001
3100	62.5	0.02944	0.00389	0.000835553
3100	67.5	0.02003	0.00266	0.000620462
3100	72.5	0.01471	0.00198	0.000539463
3100	77.5	0.01037	0.00141	0.000443126
3100	82.5	0.00732	0.001	0.000328842
3100	87.5	0.00931	0.00125	0.000358265
3100	92.5	0.01355	0.00181	0.000445508
3100	97.5	0.02053	0.00271	0.000557529
3100	102.5	0.02482	0.00327	0.000664491
3100	107.5	0.02968	0.00391	0.00077147
3100	112.5	0.03248	0.00428	0.000828722
3100	117.5	0.04117	0.00541	0.000984045
3100	122.5	0.05115	0.00672	0.0012
3100	127.5	0.04431	0.00584	0.00115
3100	132.5	0.04257	0.00563	0.00119
3100	137.5	0.04485	0.00595	0.00134
3100	142.5	0.04003	0.0054	0.00156
3100	147.5	0.02724	0.00444	0.0027
3100	152.5	0.02072	0.00303	0.00141
3100	157.5	0.01418	0.00253	0.00174
3200	37.5	0.13135	0.01892	0.008
3200	42.5	0.10236	0.01419	0.00477
3200	47.5	0.07472	0.00992	0.00186
3200	52.5	0.05267	0.00698	0.00125
3200	57.5	0.03819	0.00507	0.000944337
3200	62.5	0.0258	0.00345	0.000757638
3200	67.5	0.01729	0.00233	0.000567195
3200	72.5	0.01204	0.00164	0.000479345
3200	77.5	0.00888	0.00122	0.000393348
3200	82.5	0.00618	0.00085617	0.00028884
3200	87.5	0.00747	0.00102	0.000314197
3200	92.5	0.00966	0.00131	0.00036047
3200	97.5	0.01469	0.00197	0.000448988
3200	102.5	0.01931	0.00258	0.000556143
3200	107.5	0.02147	0.00288	0.000651065
3200	112.5	0.02824	0.00376	0.000766936
3200	117.5	0.03541	0.00471	0.000904814
3200	122.5	0.04407	0.00585	0.0011
3200	127.5	0.03937	0.00524	0.00105
3200	132.5	0.04005	0.00535	0.00116
3200	137.5	0.03907	0.00525	0.00124
3200	142.5	0.03566	0.00486	0.00141
3200	147.5	0.02366	0.00392	0.00241
3200	152.5	0.0176	0.00265	0.00132
3200	157.5	0.01047	0.00199	0.00145
3300	42.5	0.06942	0.00991	0.00386
3300	47.5	0.05624	0.00758	0.0016
3300	52.5	0.03877	0.00522	0.00107
3300	57.5	0.02779	0.00375	0.000793363
3300	62.5	0.01808	0.00246	0.000619684
3300	67.5	0.01245	0.00171	0.000482508
3300	72.5	0.00844	0.00118	0.000394583
3300	77.5	0.00669	0.000946729	0.000344934
3300	82.5	0.0042	0.000601962	0.000237078
3300	87.5	0.00494	0.000698734	0.000253832
3300	92.5	0.00641	0.000893724	0.000291926
3300	97.5	0.00922	0.00127	0.000356981
3300	102.5	0.01252	0.0017	0.000427488
3300	107.5	0.01637	0.00223	0.000582002
3300	112.5	0.01893	0.00257	0.000597988
3300	117.5	0.02677	0.00362	0.000800542
3300	122.5	0.03243	0.00438	0.000935737
3300	127.5	0.03045	0.00412	0.000923441
3300	132.5	0.02928	0.00398	0.000976265
3300	137.5	0.03032	0.00415	0.00111
3300	142.5	0.03073	0.00427	0.00133
3300	147.5	0.01916	0.00334	0.00219
3300	152.5	0.01476	0.00233	0.00127
3300	157.5	0.00826	0.00179	0.00141
3400	42.5	0.07629	0.01101	0.00432
3400	47.5	0.06291	0.0086	0.00189
3400	52.5	0.04517	0.00617	0.00132
3400	57.5	0.03026	0.00413	0.000898321
3400	62.5	0.01833	0.00253	0.000654427
3400	67.5	0.01245	0.00174	0.000505239
3400	72.5	0.0097	0.00137	0.000456646
3400	77.5	0.00686	0.000978943	0.000348173
3400	82.5	0.00511	0.000732658	0.000267781
3400	87.5	0.00523	0.000748507	0.000269724
3400	92.5	0.00634	0.000897505	0.00029877
3400	97.5	0.00914	0.00127	0.000367291
3400	102.5	0.01292	0.00179	0.000463732
3400	107.5	0.01775	0.00246	0.000676897
3400	112.5	0.02104	0.00289	0.000699668
3400	117.5	0.02787	0.00382	0.000886375
3400	122.5	0.03581	0.0049	0.0011
3400	127.5	0.03661	0.00501	0.00113
3400	132.5	0.03211	0.00442	0.0011
3400	137.5	0.03657	0.00506	0.00135
3400	142.5	0.03503	0.00492	0.00155
3400	147.5	0.02076	0.00359	0.00227
3400	152.5	0.0174	0.0028	0.00156
3400	157.5	0.00966	0.00203	0.00157
3500	42.5	0.0632	0.00944	0.00414
3500	47.5	0.05752	0.00805	0.00209
3500	52.5	0.04003	0.00558	0.00137
3500	57.5	0.02288	0.0032	0.00082118
3500	62.5	0.01628	0.0023	0.000680477
3500	67.5	0.01117	0.0016	0.000525904
3500	72.5	0.00894	0.0013	0.000484833
3500	77.5	0.00617	0.000906669	0.000354474
3500	82.5	0.00483	0.000712709	0.000282832
3500	87.5	0.00424	0.000627806	0.000255565
3500	92.5	0.0052	0.000761816	0.000291341
3500	97.5	0.00716	0.00103	0.000360967
3500	102.5	0.00943	0.00134	0.000416164
3500	107.5	0.01256	0.0018	0.000596526
3500	112.5	0.01655	0.00233	0.000662537
3500	117.5	0.02274	0.0032	0.000897743
3500	122.5	0.02695	0.00378	0.000993108
3500	127.5	0.03031	0.00424	0.0011
3500	132.5	0.02674	0.00378	0.00111
3500	137.5	0.02882	0.00411	0.0013
3500	142.5	0.02603	0.00378	0.00139
3500	147.5	0.02343	0.00419	0.00275
3500	152.5	0.01369	0.0024	0.00153
3500	157.5	0.00617	0.00152	0.00127
